39080962
39109849
39097534
39085156
38782020
38786382
39090907
38783503
39106223
38788265
38787362
39102461
38784717
21458466
21466708
21474008
21488351
21496997
23065342
23072203
23077297
24434626
24440582
24446589
24452545
24458616
25667282
25674390
25680708
27693070
25689128
25694580
25699519
26716085
26721746
26727943
26732721
26736649
27688614
27696238
27700085
27706511
27710020
27714535
27718448
28515264
28519596
28522978
28525397
28529843
28534345
28537662
31577412
31579465
31581229
31583209
31584978
31586287
31846286
31844605
31848009
31848986
31850377
31851596
31852544
32149532
32151799
32152922
32154474
32156206
32157366
32158579
32404660
32406387
32407615
32409010
32411066
32412455
32413668
32414564
32639581
32643632
32644626
32645957
32646944
32874892
32876598
32877949
32879026
32880849
32882217
32883439
33111360
33113008
33114269
33115214
33116678
33117601
33118686
33119880
33257530
33258443
33259526
33260507
33261742
33619348
33262797
33351594
33353467
33354867
33356731
33358387
33360033
33616198
33618067
33621134
33622426
33624082
33849242
33851062
33852996
33854872
33856329
33857545
34078803
34080213
34081567
34083166
34084195
34085121
34306182
34308004
34309387
34310704
34312017
34313568
34314935
34315966
34524899
34522285
34529058
34727092
34731144
34733582
34523651
34526068
34527531
34530302
34728458
34729671
34732410
34734470
34922228
34923771
34925396
34926474
34927845
34928821
34929696
35502025
35503324
35504808
35506034
35506965
35812891
35820038
35821401
35124155
36102368
36107892
35507915
35814864
35816759
35818730
35823445
35119276
35120961
35122061
35122973
35125405
36110019
35126273
36100149
36105604
36111492
36377115
36379180
36381212
36889142
36382562
36384404
36386421
36388071
36389543
36636225
36638192
36639844
36641795
36643204
36644520
36645953
36879805
36881744
36883175
36885038
36886346
36887928
37113863
37115444
37118524
37119637
37121064
37116873
37122340
43817512
43821414
43824716
43828397
43832797
43837373
43842378
44452567
44456098
44459808
44464516
44468466
45038801
45042293
45045402
45049175
45052256
45055496
45588473
45592218
45595832
45598506
45602770
45605730
45608937
46132383
46135849
46139078
46142015
46145955
46148706
46151312
46154283
46601607
46604249
46606696
46608987
46611968
46615071
46617666
47054324
47057479
47059353
47062957
47065490
47067505
47070001
47472140
47474460
47476135
47478467
47481210
47483112
47485459
47487586
47916125
47913265
48355611
48345290
48347919
48350635
48353265
48355611
48345290
48347919
48350635
48353265
48355611
48751843
48754280
48756744
48759374
48761952
48764237
49151181
49154386
49156735
49159907
49162210
49164289
50425489
50428333
50430895
50433990
50437422
50439917
50442856
50873336
50875998
50878368
50881282
50884259
50887099
51307580
51311122
51313685
51316473
51319420
51321812
51319420
53056350
53068058
53079868
53089663
53093199
53102141
53112877
53124666